9.075397617230338199e+01 7.976732755332596980e+01
9.074320268570343728e+01 7.876738558901681131e+01
9.073242919910349258e+01 7.776744362470763861e+01
9.072165571250354787e+01 7.676750166039846590e+01
9.062149472187292076e+01 7.666947595540025873e+01
8.971094026159443047e+01 7.577833318268923790e+01
8.970016677499448576e+01 7.477839121838007941e+01
8.868854867016104038e+01 7.378923246596522745e+01
8.858930005874911728e+01 7.369209968959698642e+01
8.757857488254562384e+01 7.270202855796343044e+01
8.657863291823645113e+01 7.271280204456337515e+01
8.566807845795796084e+01 7.182165927185235432e+01
8.556791746732733372e+01 7.172363356685414715e+01
8.456797550301817523e+01 7.173440705345409185e+01
8.256809157439982982e+01 7.175595402665399547e+01
8.156815933538503316e+01 7.176763016717828236e+01
8.147102655901679213e+01 7.186687877859019125e+01
8.057899085767581937e+01 7.277834561808738556e+01
8.048185808130757835e+01 7.287759422949930865e+01
7.958982237996659137e+01 7.378906106899650297e+01
7.858988041565741867e+01 7.379983455559646188e+01
7.849274763928919185e+01 7.389908316700837076e+01
7.760070221265382884e+01 7.480964735258123710e+01
7.750267650765562166e+01 7.490980834321186421e+01
7.661153373494460084e+01 7.582036280349034030e+01
7.651350802994640787e+01 7.592052379412096741e+01
7.652608863513509618e+01 7.692044628833228614e+01
7.563314846912970779e+01 7.783192287263297260e+01
7.553601569276146677e+01 7.793117148404488148e+01
7.464398973622397193e+01 7.884354278820650563e+01
7.454775167971664018e+01 7.894187719015052096e+01
7.365482125851474393e+01 7.985425823911560883e+01
7.355858320200742639e+01 7.995259264105962416e+01
7.266564303600202379e+01 8.086406922536032482e+01
7.256851025963379698e+01 8.096331783677223370e+01
7.257928374623374168e+01 8.196325980108140641e+01
7.168724804489275471e+01 8.287472664057861493e+01
7.159011526852451368e+01 8.297397525199052382e+01
7.160088875512445838e+01 8.397391721629969652e+01
7.070885305378348562e+01 8.488538405579689083e+01
7.061172027741524460e+01 8.498463266720881393e+01
7.062249376401518930e+01 8.598457463151797242e+01
7.063326725061513400e+01 8.698451659582714512e+01
6.974122182397977099e+01 8.789508078140001146e+01
6.964319611898157802e+01 8.799524177203063857e+01
6.965396960558152273e+01 8.899518373633981128e+01
6.966474309218146743e+01 8.999512570064896977e+01
6.877361004476482265e+01 9.090658281485180225e+01
6.867647726839658162e+01 9.100583142626372535e+01
6.868634810107218414e+01 9.200578311586725988e+01
6.869712158767212884e+01 9.300572508017643258e+01
6.870789507427207354e+01 9.400566704448560529e+01
6.781675230156105272e+01 9.491622150476409558e+01
6.771872659656284554e+01 9.501638249539472270e+01
6.772950008316280446e+01 9.601632445970388119e+01
6.774027356976274916e+01 9.701626642401305389e+01
6.775194971028703605e+01 9.801619866302785056e+01
6.776272319688698076e+01 9.901614062733702326e+01
6.777259402956258327e+01 1.000160923169405578e+02
6.778336751616252798e+01 1.010160342812497305e+02
6.779504365668681487e+01 1.020159665202645272e+02
6.780491448936243160e+01 1.030159182098680759e+02
6.790507547999305871e+01 1.031139439148662831e+02
6.881562994027154900e+01 1.040050866875772897e+02
6.882640342687149371e+01 1.050050286518864624e+02
6.883717691347143841e+01 1.060049706161956351e+02
6.884885305399572530e+01 1.070049028552104318e+02
6.885872388667132782e+01 1.080048545448139805e+02
6.895888487730195493e+01 1.081028802498121735e+02
6.986943933758044523e+01 1.089940230225231943e+02
6.988111547810474633e+01 1.099939552615379910e+02
6.989098631078034884e+01 1.109939069511415397e+02
6.990175979738029355e+01 1.119938489154507124e+02
6.991343593790458044e+01 1.129937811544655091e+02
6.992420942450452515e+01 1.139937231187746676e+02
6.993498291110446985e+01 1.149936650830838403e+02
6.994575639770441455e+01 1.159936070473930130e+02
6.995562723038003128e+01 1.169935587369965475e+02
6.996640071697997598e+01 1.179935007013057202e+02
6.997807685750426288e+01 1.189934329403205311e+02
6.998885034410420758e+01 1.199933749046296896e+02
6.999962383070415228e+01 1.209933168689388481e+02
6.910757840406878927e+01 1.219038810545117428e+02
6.900955269907058209e+01 1.220040420451423415e+02
6.902032618567052680e+01 1.230039840094515284e+02
6.903109967227047150e+01 1.240039259737606869e+02
6.904187315887043042e+01 1.250038679380698454e+02
6.914203414950105753e+01 1.251018936430680526e+02
7.005349126370389001e+01 1.259930266904846974e+02
7.015273987511579890e+01 1.260901594668529242e+02
7.106330406068866523e+01 1.269822048934883014e+02
7.116346505131929234e+01 1.270802305984864802e+02
7.207401951159778264e+01 1.279713733711975294e+02
7.217418050222839554e+01 1.280693990761957366e+02
7.308473496250688584e+01 1.289605418489067574e+02
7.318489595313751295e+01 1.290585675539049646e+02
7.409545041341600324e+01 1.299497103266159854e+02
7.419561140404663035e+01 1.300477360316141926e+02
7.519555336835580306e+01 1.300369625450142337e+02
7.610610782863429336e+01 1.309281053177252545e+02
7.620626881926493468e+01 1.310261310227234617e+02
7.720621078357409317e+01 1.310153575361235312e+02
7.820615274788326587e+01 1.310045840495235723e+02
7.920609471219243858e+01 1.309938105629236134e+02
8.020603667650161128e+01 1.309830370763236829e+02
8.030406238149980425e+01 1.308828760856930273e+02
8.129323085920901804e+01 1.298721606347839099e+02
8.128245737260907333e+01 1.288722186704747514e+02
8.127258473462562449e+01 1.278722670003218127e+02
8.126091039940918392e+01 1.268723347418564060e+02
8.116074940877857102e+01 1.267743090368582273e+02
8.024929229457573854e+01 1.258831759894415541e+02
8.015004368316381544e+01 1.257860432130733273e+02
7.923857684366662113e+01 1.248940075117323545e+02
7.913932823225469804e+01 1.247968747353641277e+02
7.813938626794552533e+01 1.248076482219640582e+02
7.722882208237265900e+01 1.239156027953286809e+02
7.712866109174203189e+01 1.238175770903305022e+02
7.612871912743287339e+01 1.238283505769304611e+02
7.521816466715438310e+01 1.229372078042194119e+02
7.511800367652375598e+01 1.228391820992212331e+02
7.420654656232092350e+01 1.219480490518045599e+02
7.410729795090901462e+01 1.218509162754363331e+02
7.319673376533614828e+01 1.209588708488009843e+02
7.318596027873620358e+01 1.199589288844917974e+02
7.308579928810557647e+01 1.198609031794936186e+02
7.217434217390275819e+01 1.189697701320769454e+02
7.216356868730281349e+01 1.179698281677677869e+02
7.215279520070286878e+01 1.169698862034586142e+02
7.214202171410290987e+01 1.159699442391494415e+02
7.213215088142729314e+01 1.149699925495458928e+02
7.203198989079666603e+01 1.148719668445476998e+02
7.112143543051818995e+01 1.139808240718366790e+02
7.111066194391824524e+01 1.129808821075275063e+02
7.109988845731830054e+01 1.119809401432183336e+02
7.108911497071835583e+01 1.109809981789091609e+02
7.107834148411841113e+01 1.099810562146000024e+02
7.106756799751845222e+01 1.089811142502908297e+02
7.105679451091850751e+01 1.079811722859816570e+02
7.104602102431856281e+01 1.069812303216724843e+02
7.103434488379427592e+01 1.059812980826576876e+02
7.102357139719433121e+01 1.049813561183485291e+02
7.092432278578242233e+01 1.048842233419802881e+02
7.001285594628521380e+01 1.039921876406393011e+02
7.000208245968526910e+01 1.029922456763301284e+02
6.999130897308531019e+01 1.019923037120209557e+02
6.998053548648536548e+01 1.009923617477117972e+02
6.996976199988542078e+01 9.999241978340262449e+01
6.994911768060987356e+01 9.799252612948990304e+01
7.084025072802651835e+01 9.708106901528708477e+01
7.093738350439475937e+01 9.698182040387516167e+01
7.092661001779481467e+01 9.598187843956600318e+01
7.091583653119485575e+01 9.498193647525683048e+01
7.090596569851925324e+01 9.398198478565328173e+01
7.089519221191930853e+01 9.298204282134410903e+01
7.187268454910424964e+01 9.097139513142019496e+01
7.186191106250430494e+01 8.997145316711103646e+01
7.275394676384527770e+01 8.905998632761382794e+01
7.285107954021351873e+01 8.896073771620191906e+01
7.283940158894917261e+01 8.796080549669623849e+01
7.382947453132278781e+01 8.695008030098362894e+01
7.381870104472284311e+01 8.595013833667445624e+01
7.471073674606383008e+01 8.503867149717726193e+01
7.480786952243207111e+01 8.493942288576533883e+01
7.569990522377305808e+01 8.402795604626814452e+01
7.579703800014129911e+01 8.392870743485622143e+01
7.578626451354135440e+01 8.292876547054706293e+01
7.667830021488232717e+01 8.201729863104985441e+01
7.677543299125056819e+01 8.191805001963794552e+01
7.766746869259155517e+01 8.100658318014073700e+01
7.776460146895979619e+01 8.090733456872882812e+01
7.865663717030078317e+01 7.999586772923161959e+01
7.875376994666900998e+01 7.989661911781971071e+01
7.964580564801001117e+01 7.898515227832250218e+01
8.064574761231918387e+01 7.897437879172255748e+01
8.074288038868741069e+01 7.887513018031064860e+01
8.163491609002838345e+01 7.796366334081344007e+01
8.263485805433755615e+01 7.795288985421349537e+01
8.363480974394110490e+01 7.794301902153789285e+01
8.463475170825027760e+01 7.793224553493794815e+01
8.554711328711751150e+01 7.882336883755110080e+01
8.564544768906152683e+01 7.891960689405841833e+01
8.655692427336221328e+01 7.981254706006380673e+01
8.665617288477413638e+01 7.990967983643204775e+01
8.756763972427134490e+01 8.080171553777303473e+01
8.766688833568325379e+01 8.089884831414127575e+01
8.857745252125612012e+01 8.179089374077662455e+01
8.867761351188674723e+01 8.188891944577483173e+01
8.967754575090154390e+01 8.187724330525054484e+01
8.977467852726978492e+01 8.177799469383863595e+01
8.976390504066984022e+01 8.077805272952946325e+01
9.065595046730517481e+01 7.986748854395659691e+01
9.075397617230338199e+01 7.976732755332596980e+01
