9.030580251992765284e+01 7.977325836517020718e+01
9.028104113964279520e+01 7.877356497515184230e+01
9.025627975935795178e+01 7.777387158513349164e+01
9.023151837907309414e+01 7.677417819511514097e+01
9.012999583426827144e+01 7.667756331126767577e+01
8.920706360876988583e+01 7.579924618538163372e+01
8.918230222848504241e+01 7.479955279536328305e+01
8.908077968368021970e+01 7.470293791151583207e+01
8.815694502864707260e+01 7.382464313788409527e+01
8.805634726563131665e+01 7.372890833131708632e+01
8.713339268787861158e+01 7.284968877589628278e+01
8.703187014307380309e+01 7.275307389204883179e+01
8.603217675305545242e+01 7.277783527233367522e+01
8.510924452755705261e+01 7.189951814644763317e+01
8.500772198275224412e+01 7.180290326260018219e+01
8.400802859273389345e+01 7.182766464288503983e+01
8.300833520271552857e+01 7.185242602316988325e+01
8.200864181269717790e+01 7.187718740345474089e+01
8.100897077493314669e+01 7.190285121327434581e+01
8.091323596836612353e+01 7.200344897629008756e+01
8.003403876519963944e+01 7.292730598357755412e+01
7.993830395863261629e+01 7.302790374659329586e+01
7.905910675546613220e+01 7.395176075388076242e+01
7.805941336544778153e+01 7.397652213416562006e+01
7.796367855888077258e+01 7.407711989718136181e+01
7.708445900345996904e+01 7.500007447493406687e+01
7.698784411961251806e+01 7.510159701973888957e+01
7.610952699372647601e+01 7.602452924523727518e+01
7.601291210987901081e+01 7.612605179004209788e+01
7.603948015952332184e+01 7.712570043071279713e+01
7.515937871653213165e+01 7.804957983509359565e+01
7.506364390996512270e+01 7.815017759810933740e+01
7.418446910389197058e+01 7.907493884522151006e+01
7.408961614005630736e+01 7.917460997131921374e+01
7.320953709415847754e+01 8.009939361552471837e+01
7.311468413032281433e+01 8.019906474162242205e+01
7.223458268733163834e+01 8.112294414600322057e+01
7.213884788076461518e+01 8.122354190901896231e+01
7.216360926104947282e+01 8.222323529903731298e+01
7.128441205788297452e+01 8.314709230632477954e+01
7.118867725131596558e+01 8.324769006934052129e+01
7.121343863160082321e+01 8.424738345935888617e+01
7.033424142843433913e+01 8.517124046664635273e+01
7.023850662186733018e+01 8.527183822966209448e+01
7.026326800215217361e+01 8.627153161968044515e+01
7.028802938243703124e+01 8.727122500969879582e+01
6.940880982701622770e+01 8.819417958745150088e+01
6.931219494316877672e+01 8.829570213225632358e+01
6.933695632345363435e+01 8.929539552227467425e+01
6.936171770373847778e+01 9.029508891229302492e+01
6.848342293010675519e+01 9.121892356732617202e+01
6.841154707428984239e+01 9.231923707261458389e+01
6.843630845457470002e+01 9.331893046263294877e+01
6.846106983485954345e+01 9.431862385265129944e+01
6.758275270897348719e+01 9.524155607814968505e+01
6.748613782512603620e+01 9.534307862295450775e+01
6.751089920541089384e+01 9.634277201297285842e+01
6.753566058569573727e+01 9.734246540299120909e+01
6.756132439551535640e+01 9.834213644075525451e+01
6.758608577580021404e+01 9.934182983077360518e+01
6.760994472655031018e+01 1.003415455730462753e+02
6.763470610683515361e+01 1.013412389630646260e+02
6.766036991665477274e+01 1.023409100008286714e+02
6.768422886740486888e+01 1.033406257431013415e+02
6.778575141220967737e+01 1.034372406269487925e+02
6.870868363770809140e+01 1.043155577528348346e+02
6.873344501799293482e+01 1.053152511428531994e+02
6.875820639827779246e+01 1.063149445328715501e+02
6.878387020809739738e+01 1.073146155706355813e+02
6.890925170365231622e+01 1.084109461967557166e+02
6.983218392915070183e+01 1.092892633226417587e+02
6.985784773897032096e+01 1.102889343604057899e+02
6.988170668972041710e+01 1.112886501026784600e+02
6.990646807000526053e+01 1.122883434926968249e+02
6.993213187982487966e+01 1.132880145304608561e+02
6.995689326010973730e+01 1.142877079204792068e+02
6.998165464039458072e+01 1.152874013104975717e+02
7.000641602067943836e+01 1.162870947005159223e+02
7.003027497142953450e+01 1.172868104427885925e+02
7.005503635171439214e+01 1.182865038328069431e+02
7.008070016153399706e+01 1.192861748705709886e+02
7.010546154181885470e+01 1.202858682605893250e+02
7.013022292210371234e+01 1.212855616506076899e+02
6.925100336668290879e+01 1.222085162283604234e+02
6.915438848283545781e+01 1.223100387731652177e+02
6.917914986312030123e+01 1.233097321631835541e+02
6.920391124340515887e+01 1.243094255532019190e+02
6.922867262369001651e+01 1.253091189432202839e+02
6.933019516849482500e+01 1.254057338270677064e+02
7.025402982352797210e+01 1.262840286006994575e+02
7.127758216429641891e+01 1.272589829626872699e+02
7.137910470910124161e+01 1.273555978465347209e+02
7.230203693459962722e+01 1.282339149724207630e+02
7.240355947940443571e+01 1.283305298562682424e+02
7.332649170490284973e+01 1.292088469821542844e+02
7.342801424970765822e+01 1.293054618660017354e+02
7.435094647520604383e+01 1.301837789918877775e+02
7.445246902001086653e+01 1.302803938757352569e+02
7.545216241002921720e+01 1.302556324954503850e+02
7.637509463552760280e+01 1.311339496213364271e+02
7.647661718033242551e+01 1.312305645051839065e+02
7.747631057035079039e+01 1.312058031248990346e+02
7.847600396036914105e+01 1.311810417446141912e+02
7.947569735038749172e+01 1.311562803643293478e+02
8.047539074040584239e+01 1.311315189840444759e+02
8.057200562425329338e+01 1.310299964392396532e+02
8.145032275013934964e+01 1.301070642137412676e+02
8.154693763398680062e+01 1.300055416689364449e+02
8.152217625370195719e+01 1.290058482789180800e+02
8.149831549809277931e+01 1.280061325813499309e+02
8.147265349313224192e+01 1.270064614988813787e+02
8.137113094832743343e+01 1.269098466150339277e+02
8.044729629329425791e+01 1.260315518414022051e+02
8.034669853027853037e+01 1.259358170348351962e+02
7.942284152299106381e+01 1.250566198316686837e+02
7.932224375997532206e+01 1.249608850251017031e+02
7.832255036995697139e+01 1.249856464053865466e+02
7.739959579220426633e+01 1.241064268499657430e+02
7.729807324739945784e+01 1.240098119661182920e+02
7.629837985738109296e+01 1.240345733464031355e+02
7.537544763188269314e+01 1.231562562205170934e+02
7.527392508707788465e+01 1.230596413366696424e+02
7.435009043204473755e+01 1.221813465630378914e+02
7.424949266902899581e+01 1.220856117564709109e+02
7.332653809127629074e+01 1.212063922010500789e+02
7.330177671099143311e+01 1.202066988110317283e+02
7.320025416618662462e+01 1.201100839271842915e+02
7.227641951115346330e+01 1.192317891535525405e+02
7.225165813086861988e+01 1.182320957635341898e+02
7.222689675058376224e+01 1.172324023735158391e+02
7.220213537029890460e+01 1.162327089834974885e+02
7.217827641954879425e+01 1.152329932412248183e+02
7.207675387474398576e+01 1.151363783573773532e+02
7.115382164924560016e+01 1.142580612314913111e+02
7.112906026896074252e+01 1.132583678414729604e+02
7.110429888867588488e+01 1.122586744514546098e+02
7.107953750839104146e+01 1.112589810614362591e+02
7.105477612810618382e+01 1.102592876714178942e+02
7.103001474782132618e+01 1.092595942813995435e+02
7.100525336753646855e+01 1.082599008913811929e+02
7.098049198725162512e+01 1.072602075013628422e+02
7.095482817743200599e+01 1.062605364635987968e+02
7.093006679714714835e+01 1.052608430735804461e+02
7.082946903413140660e+01 1.051651082670134230e+02
6.990561202684395425e+01 1.042859110638469389e+02
6.988085064655909662e+01 1.032862176738285882e+02
6.983132788598938134e+01 1.012868308937918869e+02
6.980656650570453792e+01 1.002871375037735220e+02
6.978270755495444178e+01 9.928742176150085186e+01
6.975794617466958414e+01 9.828772837148250119e+01
7.063624094830130673e+01 9.736389371644935409e+01
7.073197575486831568e+01 9.726329595343361234e+01
7.070721437458347225e+01 9.626360256341526167e+01
7.068245299429861461e+01 9.526390917339689679e+01
7.065859404354851847e+01 9.426419343112422666e+01
7.063383266326367504e+01 9.326450004110587599e+01
7.151212743689539764e+01 9.234066538607272889e+01
7.160786224346242079e+01 9.224006762305698714e+01
7.158310086317756316e+01 9.124037423303863648e+01
7.155833948289270552e+01 9.024068084302027160e+01
7.243753668605920382e+01 8.931682383573280504e+01
7.253327149262621276e+01 8.921622607271706329e+01
7.250760587251664901e+01 8.821655507979205879e+01
7.348344212207484816e+01 8.719207791239550431e+01
7.345868074178999052e+01 8.619238452237715364e+01
7.433787794495648882e+01 8.526852751508968709e+01
7.443361275152349776e+01 8.516792975207394534e+01
7.531280995468998185e+01 8.424407274478647878e+01
7.538378338097214737e+01 8.314378159175238636e+01
7.626298058413863146e+01 8.221992458446491980e+01
7.635871539070565461e+01 8.211932682144917806e+01
7.733364740043914765e+01 8.109487205114596975e+01
7.821284460360563173e+01 8.017101504385850319e+01
7.830857941017264068e+01 8.007041728084276144e+01
7.918777661333912476e+01 7.914656027355529488e+01
8.018747000335748965e+01 7.912179889327043725e+01
8.028320480992449859e+01 7.902120113025469550e+01
8.116240201309099689e+01 7.809734412296722894e+01
8.216209540310934756e+01 7.807258274268238551e+01
8.316181114538200347e+01 7.804872379193228937e+01
8.416150453540036835e+01 7.802396241164743174e+01
8.508624343025820735e+01 7.890223478818582237e+01
8.518591455635592524e+01 7.899708775202147137e+01
8.610979396073672376e+01 7.987718919501266157e+01
8.621039172375246551e+01 7.997292400157967052e+01
8.713424873103993207e+01 8.085212120474615460e+01
8.723484649405567382e+01 8.094785601131317776e+01
8.815780107180839309e+01 8.182707556673398130e+01
8.825932361661318737e+01 8.192369045058143229e+01
8.925899465437723279e+01 8.189802664076181316e+01
8.932996808065939831e+01 8.079773548772772074e+01
9.020918763608020186e+01 7.987478090997501567e+01
9.030580251992765284e+01 7.977325836517020718e+01
